-0  1  0 -1
 1  0 -1 -0
 1.286  1.286 -8.351 -8.351
 2.18 -3.78 -3.78  2.18

 0.0333278   0.999444 -0.0333278  -0.999444
  0.999444 -0.0333278  -0.999444  0.0333278
 1.58845  1.39649 -8.23516 -8.04319
  1.9654  -3.7914 -3.47022  2.28658

 0.0666186   0.997779 -0.0666186  -0.997779
  0.997779 -0.0666186  -0.997779  0.0666186
 1.88359  1.50653 -8.10907   -7.732
 1.74084 -3.90658 -3.26458  2.38285

 0.0998354   0.995004 -0.0998354  -0.995004
  0.995004 -0.0998354  -0.995004  0.0998354
 2.17107  1.61599 -7.97287 -7.41778
 1.50657 -4.02565 -3.06354  2.46869

 0.132941  0.991124 -0.132941 -0.991124
 0.991124 -0.132941 -0.991124  0.132941
 2.45059  1.72473 -7.82673 -7.10087
 1.26285 -4.14869 -2.86753    2.544

 0.165899  0.986143 -0.165899 -0.986143
 0.986143 -0.165899 -0.986143  0.165899
 2.62322  1.75058 -7.65426 -6.78163
 1.02654 -4.16057 -2.57839  2.60872

 0.198673  0.980066 -0.198673 -0.980066
 0.980066 -0.198673 -0.980066  0.198673
 2.78848  1.76332 -7.48556  -6.4604
0.787881 -4.26926 -2.39438  2.66276

 0.165899  0.986143 -0.165899 -0.986143
 0.986143 -0.165899 -0.986143  0.165899
 2.62204  1.74941 -7.26098 -6.38835
 1.01998 -4.16713 -2.65131   2.5358

 0.132941  0.991124 -0.132941 -0.991124
 0.991124 -0.132941 -0.991124  0.132941
 2.54557  1.83301 -7.02467  -6.3121
 1.22321 -4.08921 -2.90111  2.41131

 0.0998354   0.995004 -0.0998354  -0.995004
  0.995004 -0.0998354  -0.995004  0.0998354
  2.3621    1.817 -6.77685 -6.23175
 1.42715 -4.00557 -3.14329  2.28943

 0.0666186   0.997779 -0.0666186  -0.997779
  0.997779 -0.0666186  -0.997779  0.0666186
 3.16888   2.8118 -6.50446 -6.14738
 1.54828 -3.79981  -3.1778   2.1703

 0.0333278   0.999444 -0.0333278  -0.999444
  0.999444 -0.0333278  -0.999444  0.0333278
 2.97289  2.78759 -6.24439 -6.05909
 1.75286 -3.80405 -3.50287  2.05404

-0  1  0 -1
 1  0 -1 -0
 3.67003  3.67003 -5.96697 -5.96697
 1.94079 -3.71921 -3.71921  1.94079

-0.0333278   0.999444  0.0333278  -0.999444
  0.999444  0.0333278  -0.999444 -0.0333278
 3.76052  3.94916 -4.88294 -5.07157
 2.15186   -3.505 -3.79951  1.85734

-0.0666186   0.997779  0.0666186  -0.997779
  0.997779  0.0666186  -0.997779 -0.0666186
 3.84392  4.22099 -4.89572 -5.27278
2.36582 -3.2816 -3.8903 1.75713

-0.0998354   0.995004  0.0998354  -0.995004
  0.995004  0.0998354  -0.995004 -0.0998354
 3.92015  4.48522 -4.80513  -5.3702
 2.58245 -3.04927 -3.98144  1.65028

-0.132941  0.991124  0.132941 -0.991124
 0.991124  0.132941 -0.991124 -0.132941
 3.98911  4.74156  -4.8099 -5.56235
 2.80149 -2.80827 -4.08942  1.52034

-0.165899  0.986143  0.165899 -0.986143
 0.986143  0.165899 -0.986143 -0.165899
 4.05074  4.98973 -4.51373 -5.45272
 3.02271 -2.55885 -4.15763  1.42394

-0.198673  0.980066  0.198673 -0.980066
 0.980066  0.198673 -0.980066 -0.198673
 4.10496  5.22945 -4.21544 -5.33993
 3.24587 -2.30131 -4.21592  1.33125

-0.231226    0.9729  0.231226   -0.9729
   0.9729  0.231226   -0.9729 -0.231226
 4.15171  5.43733 -3.93851 -5.22413
  3.4707 -1.93862 -4.16695  1.24237

-0.263523  0.964653  0.263523 -0.964653
 0.964653  0.263523 -0.964653 -0.263523
 4.19094  5.62978 -3.66659 -5.10542
 3.69697 -1.57004  -4.1096   1.1574

-0.295526  0.955335  0.295526 -0.955335
 0.955335  0.295526 -0.955335 -0.295526
 4.22261  5.83618 -3.37038 -4.98395
 3.92442 -1.29171 -4.13969  1.07644

-0.327201  0.944955  0.327201 -0.944955
 0.944955  0.327201 -0.944955 -0.327201
 4.24668  6.00048 -3.10605 -4.85984
   4.1528 -0.912157  -4.06539  0.999565

-0.358513  0.933525  0.358513 -0.933525
 0.933525  0.358513 -0.933525 -0.358513
 4.26313  6.29231 -1.77054 -3.79972
  4.38186 -0.901896  -3.99837   1.28538

-0.389426  0.921058  0.389426 -0.921058
 0.921058  0.389426 -0.921058 -0.389426
 4.27194  6.43714 -1.79435 -3.95956
 4.61133 -0.50975 -3.99005  1.13103

-0.419906  0.907568  0.419906 -0.907568
 0.907568  0.419906 -0.907568 -0.419906
 4.27309  6.56577 -1.72667 -4.01936
  4.84097 -0.114345  -3.95103   1.00429

 -0.44992  0.893069   0.44992 -0.893069
 0.893069   0.44992 -0.893069  -0.44992
 4.13296  6.54453 -1.70474 -4.11632
 4.89123 0.104386 -4.05153 0.735322

-0.479434  0.877578  0.479434 -0.877578
 0.877578  0.479434 -0.877578 -0.479434
 4.13299  7.03836 -0.45352 -3.35889
  4.89263 -0.425491  -4.51842    0.7997

-0.508416  0.861112  0.508416 -0.861112
 0.861112  0.508416 -0.861112 -0.508416
  4.14041   7.11973 -0.403803  -3.38312
  4.89442 -0.151693  -4.59372  0.452393

-0.536832  0.843689  0.536832 -0.843689
 0.843689  0.536832 -0.843689 -0.536832
  3.93278   7.02493 -0.346377  -3.43853
   4.8741 0.0144555  -4.67585  0.183801

-0.564652  0.825329  0.564652 -0.825329
 0.825329  0.564652 -0.825329 -0.564652
  3.95576   7.09523 -0.198205  -3.33767
  4.87077  0.281937   -4.7079 -0.119067

-0.591845  0.806052  0.591845 -0.806052
 0.806052  0.591845 -0.806052 -0.591845
 3.84641  7.07789 0.116019 -3.11546
  4.89075  0.489709  -4.62206 -0.221014

 -0.61838  0.785879   0.61838 -0.785879
 0.785879   0.61838 -0.785879  -0.61838
 3.88358  7.13626 0.427208 -2.82547
  4.88704  0.753319  -4.52579 -0.392069

-0.644228  0.764833  0.644228 -0.764833
 0.764833  0.644228 -0.764833 -0.644228
 3.78721  7.11143 0.735015  -2.5892
  4.89826   0.95172  -4.41921 -0.472673

-0.669361  0.742938  0.669361 -0.742938
 0.742938  0.669361 -0.742938 -0.669361
 3.83865  7.15868   1.0391 -2.28093
  4.89606   1.21109  -4.30243 -0.617461

-0.693749  0.720217  0.693749 -0.720217
 0.720217  0.693749 -0.720217 -0.693749
 3.89728  7.19952  1.33912 -1.96313
 4.89769  1.46946 -4.17558 -0.74735

-0.717367  0.696695  0.717367 -0.696695
 0.696695  0.717367 -0.696695 -0.717367
 3.68008  7.09475  1.63475 -1.77992
  4.89947    1.5832   -4.0388 -0.722533

-0.740188    0.6724  0.740188   -0.6724
   0.6724  0.740188   -0.6724 -0.740188
 3.82678    7.054  1.85164 -1.37558
  4.83349   1.90183  -3.82501 -0.893343

-0.762186  0.647358  0.762186 -0.647358
 0.647358  0.762186 -0.647358 -0.762186
 3.83225  7.15539  2.21152 -1.11162
  4.90722   2.08474  -3.73608 -0.913598

-0.783338  0.621596  0.783338 -0.621596
 0.621596  0.783338 -0.621596 -0.783338
 3.49164  6.98533   2.2382 -1.25549
 4.87507  2.10275  -3.8796 -1.10728

-0.803619  0.595144  0.803619 -0.595144
 0.595144  0.803619 -0.595144 -0.803619
 3.29013  6.87428  2.32916 -1.25498
 4.84979  2.19545 -3.94179 -1.28745

-0.823008   0.56803  0.823008  -0.56803
  0.56803  0.823008  -0.56803 -0.823008
 3.00457  6.75749  2.41944 -1.33348
 4.87655  2.28633 -3.99898 -1.40876

-0.841482  0.540286  0.841482 -0.540286
 0.540286  0.841482 -0.540286 -0.841482
 1.28313  6.63496   2.5088 -2.84303
  5.81133   2.37511  -4.05128 -0.615066

-0.859021  0.511941  0.859021 -0.511941
 0.511941  0.859021 -0.511941 -0.859021
 1.14572  6.60909  2.59701 -2.86636
  5.88927   2.63333  -4.09882 -0.842878

-0.875606  0.483027  0.875606 -0.483027
 0.483027  0.875606 -0.483027 -0.875606
0.948808   6.4301  2.59631 -2.88498
    5.88  2.85625 -4.09343 -1.06968

-0.891217  0.453577  0.891217 -0.453577
 0.453577  0.891217 -0.453577 -0.891217
0.746424  6.23632  2.63629 -2.85361
 5.86729  3.07326 -4.00033  -1.2063

-0.905839  0.423622  0.905839 -0.423622
 0.423622  0.905839 -0.423622 -0.905839
0.580947  6.07033  2.62332 -2.86607
 5.94136  3.37421 -3.99661 -1.42945

-0.919454  0.393197  0.919454 -0.393197
 0.393197  0.919454 -0.393197 -0.919454
0.364647  5.93654  2.69777 -2.87412
   5.922  3.53923 -4.03431 -1.65154

-0.932048  0.362335  0.932048 -0.362335
 0.362335  0.932048 -0.362335 -0.932048
 0.14294  5.69794  2.67715 -2.87785
 5.89797  3.73845 -4.03203 -1.87251

-0.943606  0.331071  0.943606 -0.331071
 0.331071  0.943606 -0.331071 -0.943606
-0.0840967    5.44543    2.68529   -2.84424
 5.86888   3.9288 -3.93804 -1.99796

-0.954116  0.299439  0.954116 -0.299439
 0.299439  0.954116 -0.299439 -0.954116
-0.346308   5.24481   2.74839  -2.84273
 5.73892  3.98421 -3.97025 -2.21554

-0.963565  0.267474  0.963565 -0.267474
 0.267474  0.963565 -0.267474 -0.963565
-0.633985   4.91615   2.71297  -2.83717
 5.50489  3.96424 -3.97265   -2.432

-0.971944  0.235212  0.971944 -0.235212
 0.235212  0.971944 -0.235212 -0.971944
-0.913704   3.80994    1.7549  -2.96875
  5.2614  4.11827 -4.37361 -3.23048

-0.979243  0.202688  0.979243 -0.202688
 0.202688  0.979243 -0.202688 -0.979243
-1.18515  3.47605   1.7457  -2.9155
 5.00872  4.04392 -4.31588 -3.35108

-0.985454   0.16994  0.985454  -0.16994
  0.16994  0.985454  -0.16994 -0.985454
-1.44803  3.14419   1.7274 -2.86481
 4.74713  3.95521 -4.26052  -3.4686

-0.990571  0.137002  0.990571 -0.137002
 0.137002  0.990571 -0.137002 -0.990571
-1.70204  2.91402  1.81293 -2.80313
 4.47693   3.8385 -4.12272 -3.48429

-0.994586  0.103912  0.994586 -0.103912
 0.103912  0.994586 -0.103912 -0.994586
 -1.9469  2.68787  1.87351 -2.76127
 4.19841  3.71418 -4.08039 -3.59616

 -0.997497  0.0707073   0.997497 -0.0707073
 0.0707073   0.997497 -0.0707073  -0.997497
-0.287107   2.36624   1.75554 -0.897806
 3.77755  3.58947 -5.02592 -4.83784

 -0.999299  0.0374237   0.999299 -0.0374237
 0.0374237   0.999299 -0.0374237  -0.999299
-0.609379   2.14869   1.85914 -0.898926
 3.55032  3.44703 -4.28455 -4.18126

  -0.999992  0.00409838    0.999992 -0.00409838
 0.00409838    0.999992 -0.00409838   -0.999992
-0.823969   1.83601   1.79651 -0.863465
 3.30873  3.29783 -6.33909 -6.32819

  -0.999992  0.00409838    0.999992 -0.00409838
 0.00409838    0.999992 -0.00409838   -0.999992
-0.824789   1.83519   1.79569 -0.864285
 3.10873  3.09783 -6.53909 -6.52819

  -0.999992  0.00409838    0.999992 -0.00409838
 0.00409838    0.999992 -0.00409838   -0.999992
-0.825609   1.83437   1.79487 -0.865105
 2.90874  2.89783 -6.73909 -6.72818

  -0.999992  0.00409838    0.999992 -0.00409838
 0.00409838    0.999992 -0.00409838   -0.999992
-0.826428   1.83355   1.79405 -0.865924
 2.70874  2.69784 -6.93908 -6.92818

  -0.999992  0.00409838    0.999992 -0.00409838
 0.00409838    0.999992 -0.00409838   -0.999992
-0.827248   1.83273   1.79323 -0.866744
 2.50874  2.49784 -7.13908 -7.12818

  -0.999992  0.00409838    0.999992 -0.00409838
 0.00409838    0.999992 -0.00409838   -0.999992
-0.828068   1.83191   1.79241 -0.867564
 2.30874  2.29784 -7.33908 -7.32818

  -0.999992  0.00409838    0.999992 -0.00409838
 0.00409838    0.999992 -0.00409838   -0.999992
-0.828887   1.83109   1.79159 -0.868383
 2.10874  2.09784 -7.53908 -7.52818

  -0.999992  0.00409838    0.999992 -0.00409838
 0.00409838    0.999992 -0.00409838   -0.999992
-0.829707   1.83027   1.79077 -0.869203
 1.90874  1.89784 -7.73908 -7.72818

  -0.999992  0.00409838    0.999992 -0.00409838
 0.00409838    0.999992 -0.00409838   -0.999992
-0.830527   1.82945   1.78995 -0.870023
 1.70875  1.69784 -7.93908 -7.92817

  -0.999992  0.00409838    0.999992 -0.00409838
 0.00409838    0.999992 -0.00409838   -0.999992
-0.831346   1.82863   1.78914 -0.870843
 1.50875  1.49785 -8.13907 -8.12817

  -0.999992  0.00409838    0.999992 -0.00409838
 0.00409838    0.999992 -0.00409838   -0.999992
-0.832166   1.82781   1.78832 -0.871662
 1.30875  1.29785 -8.33907 -8.32817

  -0.999992  0.00409838    0.999992 -0.00409838
 0.00409838    0.999992 -0.00409838   -0.999992
-0.832986   1.82699    1.7875 -0.872482
 1.10875  1.09785 -8.53907 -8.52817

  -0.999992  0.00409838    0.999992 -0.00409838
 0.00409838    0.999992 -0.00409838   -0.999992
-0.833805   1.82617   1.78668 -0.873302
0.908752  0.89785 -8.73907 -8.72817

  -0.999992  0.00409838    0.999992 -0.00409838
 0.00409838    0.999992 -0.00409838   -0.999992
-0.834625   1.82535   1.78586 -0.874121
0.708754 0.697852 -8.93907 -8.92817

  -0.999992  0.00409838    0.999992 -0.00409838
 0.00409838    0.999992 -0.00409838   -0.999992
-0.835445   1.82453   1.78504 -0.874941
0.508755 0.497854 -9.13907 -9.12816

  -0.999992  0.00409838    0.999992 -0.00409838
 0.00409838    0.999992 -0.00409838   -0.999992
-0.836264   1.82371   1.78463 -0.875351
0.308757 0.297855 -9.23906 -9.22816

  -0.999992  0.00409838    0.999992 -0.00409838
 0.00409838    0.999992 -0.00409838   -0.999992
-0.837084   1.82289   1.78463 -0.875351
 0.108759 0.0978569  -9.23906  -9.22816

  -0.999992  0.00409838    0.999992 -0.00409838
 0.00409838    0.999992 -0.00409838   -0.999992
-0.837904   1.82207   1.78463 -0.875351
-0.0912397  -0.102141   -9.23906   -9.22816

  -0.999992  0.00409838    0.999992 -0.00409838
 0.00409838    0.999992 -0.00409838   -0.999992
-0.838724   1.82125   1.78463 -0.875351
-0.291238  -0.30214  -9.23906  -9.22816

  -0.999992  0.00409838    0.999992 -0.00409838
 0.00409838    0.999992 -0.00409838   -0.999992
-0.839543   1.82043   1.78463 -0.875351
-0.491236 -0.502138  -9.23906  -9.22816

  -0.999992  0.00409838    0.999992 -0.00409838
 0.00409838    0.999992 -0.00409838   -0.999992
-0.840363   1.81961   1.78463 -0.875351
-0.691235 -0.702136  -9.23906  -9.22816

  -0.999992  0.00409838    0.999992 -0.00409838
 0.00409838    0.999992 -0.00409838   -0.999992
-0.841183    1.8188   1.78463 -0.875351
-0.891233 -0.902135  -9.23906  -9.22816

          -1  2.64845e-14            1 -2.64845e-14
 2.64845e-14            1 -2.64845e-14           -1
-0.83  1.83  1.83 -0.83
-1.013 -1.013  -9.25  -9.25

