0 0 -2.32751e-39 -0.1 0.4769
-0.0999954 0.000833333 -0.016667 -0.1 0.4769
-0.199963 0.0033331 -0.0333341 -0.1 0.4769
-0.299875 0.00749861 -0.0500011 -0.1 0.4769
-0.399704 0.0133287 -0.0666682 -0.1 0.4769
-0.499422 0.0208218 -0.0833352 -0.1 0.4769
-0.599001 0.0299757 -0.100002 -0.1 0.4769
-0.698413 0.040788 -0.116669 -0.1 0.4769
-0.797632 0.0532556 -0.133336 -0.1 0.4769
-0.896629 0.0673751 -0.150003 -0.1 0.4769
-0.995377 0.0831425 -0.16667 -0.1 0.4769
-1.09385 0.100554 -0.183337 -0.1 0.4769
-1.19202 0.119603 -0.200004 -0.1 0.4769
-1.28985 0.140286 -0.216672 -0.1 0.470619
-1.38733 0.162585 -0.233083 -0.1 0.413718
-1.48446 0.186371 -0.247246 -0.1 0.342583
-1.58128 0.211402 -0.258751 -0.1 0.271917
-1.67783 0.237423 -0.267745 -0.1 0.205639
-1.77418 0.264203 -0.274474 -0.1 0.143658
-1.87037 0.291532 -0.27914 -0.0999995 0.0848064
-1.96647 0.319216 -0.281882 -0.0992414 0.0278404
-2.06178 0.346864 -0.282774 -0.0992436 -0.0282801
-2.15709 0.374512 -0.281868 -0.0999995 -0.0851748
-2.25318 0.402195 -0.279114 -0.1 -0.143919
-2.34938 0.42952 -0.274439 -0.1 -0.205767
-2.44573 0.456297 -0.267706 -0.1 -0.271888
-2.54228 0.482315 -0.258713 -0.1 -0.342378
-2.6391 0.507342 -0.247216 -0.1 -0.413356
-2.73623 0.531126 -0.233067 -0.1 -0.470237
-2.83371 0.553423 -0.216671 -0.1 -0.4769
-2.93155 0.574107 -0.200004 -0.1 -0.4769
-3.02971 0.593156 -0.183337 -0.1 -0.4769
-3.12819 0.610567 -0.16667 2.61361e-321 3.16202e-322
