-5 -1 0 0 0
-4.6003 -0.986671 0.066668 0.1 0.4769
-4.20237 -0.946745 0.133336 0.1 0.4769
-3.80798 -0.880397 0.200004 0.1 0.4769
-3.4189 -0.787924 0.266672 0.1 0.4769
-3.03683 -0.669735 0.33334 0.1 0.4769
-2.66349 -0.526357 0.400008 0.1 0.4769
-2.30053 -0.358425 0.466676 0.1 0.4769
-2.29734 -0.364275 0.533344 -0.1 -0.4769
-2.13129 -0.252696 0.600012 0.1 0.4769
-1.80893 -0.0160017 0.66668 0.1 0.4769
-1.50305 0.241642 0.733348 0.1 0.4769
-1.21502 0.51909 0.800016 0.1 0.4769
-0.94611 0.815111 0.866684 0.1 0.4769
-0.697517 1.12839 0.933352 0.1 0.4769
-0.470347 1.45753 1.00002 0.1 0.4769
-0.265609 1.80107 1.06669 0.1 0.4769
-0.0842119 2.1575 1.13336 0.1 0.4769
0.0730379 2.52521 1.20002 0.1 0.4769
0.0115444 2.33484 1.26669 -0.1 -0.4769
-0.0954254 1.94949 1.33336 -0.1 -0.4769
-0.176486 1.55786 1.40003 -0.1 -0.4769
-0.231276 1.16171 1.4667 -0.1 -0.4769
-0.259554 0.762782 1.53336 -0.1 -0.4769
-0.261193 0.36286 1.60003 -0.1 -0.4769
-0.236186 -0.0362837 1.6667 -0.1 -0.4769
-0.184645 -0.432874 1.73337 -0.1 -0.4769
-0.106797 -0.825151 1.80004 -0.1 -0.4769
-0.00298949 -1.21137 1.8667 -0.1 -0.4769
0.126317 -1.58981 1.93337 -0.1 -0.4769
0.255623 -1.96826 1.8667 -0.1 0.4769
0.35943 -2.35448 1.80004 -0.1 0.4769
0.437278 -2.74675 1.73337 -0.1 0.4769
0.48882 -3.14334 1.6667 -0.1 0.4769
0.513827 -3.54249 1.60003 -0.1 0.4769
0.55 -3.699 1.5708 -0.1 0.4769
